00000011
00000001
11111100
11111011
11101010
11110111
00001010
00000101
00000001
00010000
00100000
00110000
00111110
00111100
00101001
00011001
00010001
00100100
00010100
00011100
00011101
00100100
00100001
00011110
00011011
00010100
00011010
00001001
00010011
00010110
00000010
00001000
00010101
00000101
11111010
00001001
00010110
00100001
00110000
01000010
00111100
00111010
01000110
00110010
00100110
00100101
00100010
00010000
00011011
00010100
00001101
00010001
00001110
00010000
11111110
11101100
11011001
11010100
11100001
11011011
11100100
11101011
11011110
11100100
11100111
11110010
11011110
11001011
11001101
11001100
10111110
11000101
11000101
11000101
10110101
10111000
10101111
10111110
10111101
11000101
11000101
11011001
11010000
11011101
11011010
11010011
11100001
11100000
11100011
11100011
11010010
11011011
11101110
11011100
11011011
11001101
11010011
11100111
11111000
11111101
11111111
11110101
00000011
11111001
11110011
11110110
11100101
11100110
11110010
11101110
11101110
11110011
11110010
00000001
00000111
11111111
11110011
11110101
11100111
11111000
00001010
00010111
00100001
00110001
00101011
00111111
01001010
01001110
01011100
01010110
01000101
01001011
01000100
01011000
01000110
01001110
01000010
00111101
00110000
00100001
00011101
00010011
00000100
00000011
00010010
00001001
00001111
11111100
11101111
11110000
11110010
11101111
11101100
11101101
11100000
11100011
11110101
11111110
11111110
00001101
11111110
11110001
11110110
11110110
00000001
00000000
11110011
11110100
00000010
11110111
00001000
00001000
00010001
11111111
11111010
11101101
11110000
00000100
11111100
00001101
11111011
00000101
11110110
11110100
00000001
00000010
00000111
00011001
00101101
00011101
00010011
00001101
00001111
11111101
11101111
11100001
11011010
11001011
11001100
11010100
11000100
10110111
10110101
11001000
11000011
11010100
11000001
10110010
10110001
10100101
10110000
10100101
10101111
10011101
10100100
10010010
10011110
10100011
10001111
10000110
01111010
10000011
10010110
10100110
10100001
10100010
10010101
10011110
10001111
10001111
10001101
10001001
01111100
01110101

1872
3035
