10111100011110011111000|9

Notice: Undefined variable: int in C:\Users\shoghicp\Desktop\tuenti_contest\19 - Find the algorithm\endian.php on line 107
3162108163
3162108163
-2
3162108161
-5
3162108156
-1
3162108155
-17
3162108138
13
3162108151
19
3162108170
-5
3162108165
-4
3162108161
15
3162108176
16
3162108192
16
3162108208
14
3162108222
-2
3162108220
-19
3162108201
-16
3162108185
-8
3162108177
19
3162108196
-16
3162108180
8
3162108188
1
3162108189
7
3162108196
-3
3162108193
-3
3162108190
-3
3162108187
-7
3162108180
6
3162108186
-17
3162108169
10
3162108179
3
3162108182
-20
3162108162
6
3162108168
13
3162108181
-16
3162108165
-11
3162108154
15
3162108169
13
3162108182
11
3162108193
15
3162108208
18
3162108226
-6
3162108220
-2
3162108218
12
3162108230
-20
3162108210
-12
3162108198
-1
3162108197
-3
3162108194
-18
3162108176
11
3162108187
-7
3162108180
-7
3162108173
4
3162108177
-3
3162108174
2
3162108176
-18
3162108158
-18
3162108140
-19
3162108121
-5
3162108116
13
3162108129
-6
3162108123
9
3162108132
7
3162108139
-13
3162108126
6
3162108132
3
3162108135
11
3162108146
-20
3162108126
-19
3162108107
2
3162108109
-1
3162108108
-14
3162108094
7
3162108101
0
3162108101
0
3162108101
-16
3162108085
3
3162108088
-9
3162108079
15
3162108094
-1
3162108093
8
3162108101
0
3162108101
20
3162108121
-9
3162108112
13
3162108125
-3
3162108122
-7
3162108115
14
3162108129
-1
3162108128
3
3162108131
0
3162108131
-17
3162108114
9
3162108123
19
3162108142
-18
3162108124
-1
3162108123
-14
3162108109
6
3162108115
20
3162108135
17
3162108152
5
3162108157
2
3162108159
-10
3162108149
14
3162108163
-10
3162108153
-6
3162108147
3
3162108150
-17
3162108133
1
3162108134
12
3162108146
-4
3162108142
0
3162108142
5
3162108147
-1
3162108146
15
3162108161
6
3162108167
-8
3162108159
-12
3162108147
2
3162108149
-14
3162108135
17
3162108152
18
3162108170
13
3162108183
10
3162108193
16
3162108209
-6
3162108203
20
3162108223
11
3162108234
4
3162108238
14
3162108252
-6
3162108246
-17
3162108229
6
3162108235
-7
3162108228
20
3162108248
-18
3162108230
8
3162108238
-12
3162108226
-5
3162108221
-13
3162108208
-15
3162108193
-4
3162108189
-10
3162108179
-15
3162108164
-1
3162108163
15
3162108178
-9
3162108169
6
3162108175
-19
3162108156
-13
3162108143
1
3162108144
2
3162108146
-3
3162108143
-3
3162108140
1
3162108141
-13
3162108128
3
3162108131
18
3162108149
9
3162108158
0
3162108158
15
3162108173
-15
3162108158
-13
3162108145
5
3162108150
0
3162108150
11
3162108161
-1
3162108160
-13
3162108147
1
3162108148
14
3162108162
-11
3162108151
17
3162108168
0
3162108168
9
3162108177
-18
3162108159
-5
3162108154
-13
3162108141
3
3162108144
20
3162108164
-8
3162108156
17
3162108173
-18
3162108155
10
3162108165
-15
3162108150
-2
3162108148
13
3162108161
1
3162108162
5
3162108167
18
3162108185
20
3162108205
-16
3162108189
-10
3162108179
-6
3162108173
2
3162108175
-18
3162108157
-14
3162108143
-14
3162108129
-7
3162108122
-15
3162108107
1
3162108108
8
3162108116
-16
3162108100
-13
3162108087
-2
3162108085
19
3162108104
-5
3162108099
17
3162108116
-19
3162108097
-15
3162108082
-1
3162108081
-12
3162108069
11
3162108080
-11
3162108069
10
3162108079
-18
3162108061
7
3162108068
-18
3162108050
12
3162108062
5
3162108067
-20
3162108047
-9
3162108038
-12
3162108026
9
3162108035
19
3162108054
16
3162108070
-5
3162108065
1
3162108066
-13
3162108053
9
3162108062
-15
3162108047
0
3162108047
-2
3162108045
-4
3162108041
-13
3162108028
-7
3162108021
9.107905982906
10.979472140762