11011110
00111100
11111000

10000001
11011110
00111100
11111000
10000000
11011110
00111100
11111000
01111110
01011110
00111100
11111000
01111101
11011110
00111100
11111000
01110101
01011110
00111100
11111000
01111011
11011110
00111100
11111000
10000101
01011110
00111100
11111000
10000010
11011110
00111100
11111000
10000000
11011110
00111100
11111000
10001000
01011110
00111100
11111000
10010000
01011110
00111100
11111000
10011000
01011110
00111100
11111000
10011111
01011110
00111100
11111000
10011110
01011110
00111100
11111000
10010100
11011110
00111100
11111000
10001100
11011110
00111100
11111000
10001000
11011110
00111100
11111000
10010010
01011110
00111100
11111000
10001010
01011110
00111100
11111000
10001110
01011110
00111100
11111000
10001110
11011110
00111100
11111000
10010010
01011110
00111100
11111000
10010000
11011110
00111100
11111000
10001111
01011110
00111100
11111000
10001101
11011110
00111100
11111000
10001010
01011110
00111100
11111000
10001101
01011110
00111100
11111000
10000100
11011110
00111100
11111000
10001001
11011110
00111100
11111000
10001011
01011110
00111100
11111000
10000001
01011110
00111100
11111000
10000100
01011110
00111100
11111000
10001010
11011110
00111100
11111000
10000010
11011110
00111100
11111000
01111101
01011110
00111100
11111000
10000100
11011110
00111100
11111000
10001011
01011110
00111100
11111000
10010000
11011110
00111100
11111000
10011000
01011110
00111100
11111000
10100001
01011110
00111100
11111000
10011110
01011110
00111100
11111000
10011101
01011110
00111100
11111000
10100011
01011110
00111100
11111000
10011001
01011110
00111100
11111000
10010011
01011110
00111100
11111000
10010010
11011110
00111100
11111000
10010001
01011110
00111100
11111000
10001000
01011110
00111100
11111000
10001101
11011110
00111100
11111000
10001010
01011110
00111100
11111000
10000110
11011110
00111100
11111000
10001000
11011110
00111100
11111000
10000111
01011110
00111100
11111000
10001000
01011110
00111100
11111000
01111111
01011110
00111100
11111000
01110110
01011110
00111100
11111000
01101100
11011110
00111100
11111000
01101010
01011110
00111100
11111000
01110000
11011110
00111100
11111000
01101101
11011110
00111100
11111000
01110010
01011110
00111100
11111000
01110101
11011110
00111100
11111000
01101111
01011110
00111100
11111000
01110010
01011110
00111100
11111000
01110011
11011110
00111100
11111000
01111001
01011110
00111100
11111000
01101111
01011110
00111100
11111000
01100101
11011110
00111100
11111000
01100110
11011110
00111100
11111000
01100110
01011110
00111100
11111000
01011111
01011110
00111100
11111000
01100010
11011110
00111100
11111000
01100010
11011110
00111100
11111000
01100010
11011110
00111100
11111000
01011010
11011110
00111100
11111000
01011100
01011110
00111100
11111000
01010111
11011110
00111100
11111000
01011111
01011110
00111100
11111000
01011110
11011110
00111100
11111000
01100010
11011110
00111100
11111000
01100010
11011110
00111100
11111000
01101100
11011110
00111100
11111000
01101000
01011110
00111100
11111000
01101110
11011110
00111100
11111000
01101101
01011110
00111100
11111000
01101001
11011110
00111100
11111000
01110000
11011110
00111100
11111000
01110000
01011110
00111100
11111000
01110001
11011110
00111100
11111000
01110001
11011110
00111100
11111000
01101001
01011110
00111100
11111000
01101101
11011110
00111100
11111000
01110111
01011110
00111100
11111000
01101110
01011110
00111100
11111000
01101101
11011110
00111100
11111000
01100110
11011110
00111100
11111000
01101001
11011110
00111100
11111000
01110011
11011110
00111100
11111000
01111100
01011110
00111100
11111000
01111110
11011110
00111100
11111000
01111111
11011110
00111100
11111000
01111010
11011110
00111100
11111000
10000001
11011110
00111100
11111000
01111100
11011110
00111100
11111000
01111001
11011110
00111100
11111000
01111011
01011110
00111100
11111000
01110010
11011110
00111100
11111000
01110011
01011110
00111100
11111000
01111001
01011110
00111100
11111000
01110111
01011110
00111100
11111000
01110111
01011110
00111100
11111000
01111001
11011110
00111100
11111000
01111001
01011110
00111100
11111000
10000000
11011110
00111100
11111000
10000011
11011110
00111100
11111000
01111111
11011110
00111100
11111000
01111001
11011110
00111100
11111000
01111010
11011110
00111100
11111000
01110011
11011110
00111100
11111000
01111100
01011110
00111100
11111000
10000101
01011110
00111100
11111000
10001011
11011110
00111100
11111000
10010000
11011110
00111100
11111000
10011000
11011110
00111100
11111000
10010101
11011110
00111100
11111000
10011111
11011110
00111100
11111000
10100101
01011110
00111100
11111000
10100111
01011110
00111100
11111000
10101110
01011110
00111100
11111000
10101011
01011110
00111100
11111000
10100010
11011110
00111100
11111000
10100101
11011110
00111100
11111000
10100010
01011110
00111100
11111000
10101100
01011110
00111100
11111000
10100011
01011110
00111100
11111000
10100111
01011110
00111100
11111000
10100001
01011110
00111100
11111000
10011110
11011110
00111100
11111000
10011000
01011110
00111100
11111000
10010000
11011110
00111100
11111000
10001110
11011110
00111100
11111000
10001001
11011110
00111100
11111000
10000010
01011110
00111100
11111000
10000001
11011110
00111100
11111000
10001001
01011110
00111100
11111000
10000100
11011110
00111100
11111000
10000111
11011110
00111100
11111000
01111110
01011110
00111100
11111000
01110111
11011110
00111100
11111000
01111000
01011110
00111100
11111000
01111001
01011110
00111100
11111000
01110111
11011110
00111100
11111000
01110110
01011110
00111100
11111000
01110110
11011110
00111100
11111000
01110000
01011110
00111100
11111000
01110001
11011110
00111100
11111000
01111010
11011110
00111100
11111000
01111111
01011110
00111100
11111000
01111111
01011110
00111100
11111000
10000110
11011110
00111100
11111000
01111111
01011110
00111100
11111000
01111000
11011110
00111100
11111000
01111011
01011110
00111100
11111000
01111011
01011110
00111100
11111000
10000000
11011110
00111100
11111000
10000000
01011110
00111100
11111000
01111001
11011110
00111100
11111000
01111010
01011110
00111100
11111000
10000001
01011110
00111100
11111000
01111011
11011110
00111100
11111000
10000100
01011110
00111100
11111000
10000100
01011110
00111100
11111000
10001000
11011110
00111100
11111000
01111111
11011110
00111100
11111000
01111101
01011110
00111100
11111000
01110110
11011110
00111100
11111000
01111000
01011110
00111100
11111000
10000010
01011110
00111100
11111000
01111110
01011110
00111100
11111000
10000110
11011110
00111100
11111000
01111101
11011110
00111100
11111000
10000010
11011110
00111100
11111000
01111011
01011110
00111100
11111000
01111010
01011110
00111100
11111000
10000000
11011110
00111100
11111000
10000001
01011110
00111100
11111000
10000011
11011110
00111100
11111000
10001100
11011110
00111100
11111000
10010110
11011110
00111100
11111000
10001110
11011110
00111100
11111000
10001001
11011110
00111100
11111000
10000110
11011110
00111100
11111000
10000111
11011110
00111100
11111000
01111110
11011110
00111100
11111000
01110111
11011110
00111100
11111000
01110000
11011110
00111100
11111000
01101101
01011110
00111100
11111000
01100101
11011110
00111100
11111000
01100110
01011110
00111100
11111000
01101010
01011110
00111100
11111000
01100010
01011110
00111100
11111000
01011011
11011110
00111100
11111000
01011010
11011110
00111100
11111000
01100100
01011110
00111100
11111000
01100001
11011110
00111100
11111000
01101010
01011110
00111100
11111000
01100000
11011110
00111100
11111000
01011001
01011110
00111100
11111000
01011000
11011110
00111100
11111000
01010010
11011110
00111100
11111000
01011000
01011110
00111100
11111000
01010010
11011110
00111100
11111000
01010111
11011110
00111100
11111000
01001110
11011110
00111100
11111000
01010010
01011110
00111100
11111000
01001001
01011110
00111100
11111000
01001111
01011110
00111100
11111000
01010001
11011110
00111100
11111000
01000111
11011110
00111100
11111000
01000011
01011110
00111100
11111000
00111101
01011110
00111100
11111000
01000001
11011110
00111100
11111000
01001011
01011110
00111100
11111000
01010011
01011110
00111100
11111000
01010000
11011110
00111100
11111000
01010001
01011110
00111100
11111000
01001010
11011110
00111100
11111000
01001111
01011110
00111100
11111000
01000111
11011110
00111100
11111000
01000111
11011110
00111100
11111000
01000110
11011110
00111100
11111000
01000100
11011110
00111100
11111000
00111110
01011110
00111100
11111000
00111010

