10111100011110011111000100000011
10111100011110011111000100000001
10111100011110011111000011111100
10111100011110011111000011111011
10111100011110011111000011101010
10111100011110011111000011110111
10111100011110011111000100001010
10111100011110011111000100000101
10111100011110011111000100000001
10111100011110011111000100010000
10111100011110011111000100100000
10111100011110011111000100110000
10111100011110011111000100111110
10111100011110011111000100111100
10111100011110011111000100101001
10111100011110011111000100011001
10111100011110011111000100010001
10111100011110011111000100100100
10111100011110011111000100010100
10111100011110011111000100011100
10111100011110011111000100011101
10111100011110011111000100100100
10111100011110011111000100100001
10111100011110011111000100011110
10111100011110011111000100011011
10111100011110011111000100010100
10111100011110011111000100011010
10111100011110011111000100001001
10111100011110011111000100010011
10111100011110011111000100010110
10111100011110011111000100000010
10111100011110011111000100001000
10111100011110011111000100010101
10111100011110011111000100000101
10111100011110011111000011111010
10111100011110011111000100001001
10111100011110011111000100010110
10111100011110011111000100100001
10111100011110011111000100110000
10111100011110011111000101000010
10111100011110011111000100111100
10111100011110011111000100111010
10111100011110011111000101000110
10111100011110011111000100110010
10111100011110011111000100100110
10111100011110011111000100100101
10111100011110011111000100100010
10111100011110011111000100010000
10111100011110011111000100011011
10111100011110011111000100010100
10111100011110011111000100001101
10111100011110011111000100010001
10111100011110011111000100001110
10111100011110011111000100010000
10111100011110011111000011111110
10111100011110011111000011101100
10111100011110011111000011011001
10111100011110011111000011010100
10111100011110011111000011100001
10111100011110011111000011011011
10111100011110011111000011100100
10111100011110011111000011101011
10111100011110011111000011011110
10111100011110011111000011100100
10111100011110011111000011100111
10111100011110011111000011110010
10111100011110011111000011011110
10111100011110011111000011001011
10111100011110011111000011001101
10111100011110011111000011001100
10111100011110011111000010111110
10111100011110011111000011000101
10111100011110011111000011000101
10111100011110011111000011000101
10111100011110011111000010110101
10111100011110011111000010111000
10111100011110011111000010101111
10111100011110011111000010111110
10111100011110011111000010111101
10111100011110011111000011000101
10111100011110011111000011000101
10111100011110011111000011011001
10111100011110011111000011010000
10111100011110011111000011011101
10111100011110011111000011011010
10111100011110011111000011010011
10111100011110011111000011100001
10111100011110011111000011100000
10111100011110011111000011100011
10111100011110011111000011100011
10111100011110011111000011010010
10111100011110011111000011011011
10111100011110011111000011101110
10111100011110011111000011011100
10111100011110011111000011011011
10111100011110011111000011001101
10111100011110011111000011010011
10111100011110011111000011100111
10111100011110011111000011111000
10111100011110011111000011111101
10111100011110011111000011111111
10111100011110011111000011110101
10111100011110011111000100000011
10111100011110011111000011111001
10111100011110011111000011110011
10111100011110011111000011110110
10111100011110011111000011100101
10111100011110011111000011100110
10111100011110011111000011110010
10111100011110011111000011101110
10111100011110011111000011101110
10111100011110011111000011110011
10111100011110011111000011110010
10111100011110011111000100000001
10111100011110011111000100000111
10111100011110011111000011111111
10111100011110011111000011110011
10111100011110011111000011110101
10111100011110011111000011100111
10111100011110011111000011111000
10111100011110011111000100001010
10111100011110011111000100010111
10111100011110011111000100100001
10111100011110011111000100110001
10111100011110011111000100101011
10111100011110011111000100111111
10111100011110011111000101001010
10111100011110011111000101001110
10111100011110011111000101011100
10111100011110011111000101010110
10111100011110011111000101000101
10111100011110011111000101001011
10111100011110011111000101000100
10111100011110011111000101011000
10111100011110011111000101000110
10111100011110011111000101001110
10111100011110011111000101000010
10111100011110011111000100111101
10111100011110011111000100110000
10111100011110011111000100100001
10111100011110011111000100011101
10111100011110011111000100010011
10111100011110011111000100000100
10111100011110011111000100000011
10111100011110011111000100010010
10111100011110011111000100001001
10111100011110011111000100001111
10111100011110011111000011111100
10111100011110011111000011101111
10111100011110011111000011110000
10111100011110011111000011110010
10111100011110011111000011101111
10111100011110011111000011101100
10111100011110011111000011101101
10111100011110011111000011100000
10111100011110011111000011100011
10111100011110011111000011110101
10111100011110011111000011111110
10111100011110011111000011111110
10111100011110011111000100001101
10111100011110011111000011111110
10111100011110011111000011110001
10111100011110011111000011110110
10111100011110011111000011110110
10111100011110011111000100000001
10111100011110011111000100000000
10111100011110011111000011110011
10111100011110011111000011110100
10111100011110011111000100000010
10111100011110011111000011110111
10111100011110011111000100001000
10111100011110011111000100001000
10111100011110011111000100010001
10111100011110011111000011111111
10111100011110011111000011111010
10111100011110011111000011101101
10111100011110011111000011110000
10111100011110011111000100000100
10111100011110011111000011111100
10111100011110011111000100001101
10111100011110011111000011111011
10111100011110011111000100000101
10111100011110011111000011110110
10111100011110011111000011110100
10111100011110011111000100000001
10111100011110011111000100000010
10111100011110011111000100000111
10111100011110011111000100011001
10111100011110011111000100101101
10111100011110011111000100011101
10111100011110011111000100010011
10111100011110011111000100001101
10111100011110011111000100001111
10111100011110011111000011111101
10111100011110011111000011101111
10111100011110011111000011100001
10111100011110011111000011011010
10111100011110011111000011001011
10111100011110011111000011001100
10111100011110011111000011010100
10111100011110011111000011000100
10111100011110011111000010110111
10111100011110011111000010110101
10111100011110011111000011001000
10111100011110011111000011000011
10111100011110011111000011010100
10111100011110011111000011000001
10111100011110011111000010110010
10111100011110011111000010110001
10111100011110011111000010100101
10111100011110011111000010110000
10111100011110011111000010100101
10111100011110011111000010101111
10111100011110011111000010011101
10111100011110011111000010100100
10111100011110011111000010010010
10111100011110011111000010011110
10111100011110011111000010100011
10111100011110011111000010001111
10111100011110011111000010000110
10111100011110011111000001111010
10111100011110011111000010000011
10111100011110011111000010010110
10111100011110011111000010100110
10111100011110011111000010100001
10111100011110011111000010100010
10111100011110011111000010010101
10111100011110011111000010011110
10111100011110011111000010001111
10111100011110011111000010001111
10111100011110011111000010001101
10111100011110011111000010001001
10111100011110011111000001111100
10111100011110011111000001110101
