1101111000111100111110001 00000011 011110011011011111
1101111000111100111110000 11101010 001101
1101111000111100111110001 00001010 011011011100001111
1101111000111100111110001 00100000
1101111000111100111110001 00110000 001110011110
1101111000111100111110001 00101001 010000011000
1101111000111100111110001 00100100 010000001000000001000111011101011101011101011001000110
1101111000111100111110001 00001001 001010000011
1101111000111100111110001 00000010 000110001101010000010101001111001101001011001111
1101111000111100111110001 01000010 011010011110001100
1101111000111100111110001 00110010 010100011111011101
1101111000111100111110001 00010000 001011011001011001000100011101000010
1101111000111100111110000 11111110
1101111000111100111110000 11101100
1101111000111100111110000 11011001 011011001101011010001001000111010011000110000011001011
1101111000111100111110000 11011110
1101111000111100111110000 11001011 000010011111010010000111000000000000010000000011010111001111011111001000000000
1101111000111100111110000 11011001 010111 001101 011101 011001 001110 011111000011000000
1101111000111100111110000 11010010 001001
1101111000111100111110000 11101110
1101111000111100111110000 11011100 011111 010010 000110
1101111000111100111110000 11100111
1101111000111100111110000 11111000 000101 000010 010110 001110 010110 011010 000011
1101111000111100111110000 11100101 000001 001100 011100 000000 000101 011111 001111 000110 011000 010100 000010 010010
1101111000111100111110000 11111000
1101111000111100111110001 00001010 001101 001010
1101111000111100111110001 00110001 011010
1101111000111100111110001 00111111 001011 000100 001110 011010
1101111000111100111110001 01000101 000110 011001
1101111000111100111110001 01011000
1101111000111100111110001 01000110 001000 010100 011011 010011 010001 011100 010110 010001 011111 001111 010111 000110
1101111000111100111110000 11111100 010011 000001 000010 011101 011101 000001 010011 000011
1101111000111100111110000 11110101 001001 000000 001111 010001 010011 000101 000000 001011 011111 010011 000001 001110 010101
1101111000111100111110001 00001000 000000 001001
1101111000111100111110000 11111111 011011 010011 000011
1101111000111100111110001 00000100 011000
1101111000111100111110001 00001101
1101111000111100111110000 11111011 001010 010001 011110 001101 000001 000101
1101111000111100111110001 00011001
1101111000111100111110001 00101101 010000 010110 011010 000010
1101111000111100111110000 11111101 010010 010010 011001 010001 000001 001000 010000 010011 011110
1101111000111100111110000 11001000 011011
1101111000111100111110000 11010100
1101111000111100111110000 11000001 010001 011111 010100 001011 010101 001010
1101111000111100111110000 10011101 000111
1101111000111100111110000 10010010 001100 000101
1101111000111100111110000 10001111 010111 010100 001001
1101111000111100111110000 10010110
1101111000111100111110000 10100110 011011 000001 010011 001001 010001 000000 011110 011100 010011 0110010