1 |0 |1
1 |1 |1

2 |0 |2
2 |1 |1
2 |2 |2

3 |0 |2
3 |1 |2
3 |2 |3
3 |3 |2

4 |0 |2
4 |1 |2
4 |2 |4
4 |3 |4
4 |4 |2

5 |0 |2
5 |1 |2
5 |2 |4
5 |3 |4
5 |4 |4
5 |5 |2

6 |0 |2
6 |1 |2
6 |2 |4
6 |3 |6
6 |4 |5
6 |5 |4
6 |6 |2

7 |0 |2
7 |1 |2
7 |2 |4
7 |3 |7
7 |4 |6
7 |5 |7
7 |6 |4
7 |7 |2

8 |0 |2
8 |1 |2
8 |2 |4
8 |3 |7
8 |4 |3
8 |5 |7
8 |6 |8
8 |7 |4
8 |8 |2

9 |0 |2
9 |1 |2
9 |2 |4
9 |3 |14
9 |4 |15
9 |5 |9
9 |6 |9
9 |7 |8
9 |8 |4
9 |9 |2

10|0 |2
10|1 |2
10|2 |4
10|3 |14
10|4 |6
10|5 |5
10|6 |10
10|7 |6
10|8 |8
10|9 |4
10|10|2

11|0 |2
11|1 |2
11|2 |4
11|3 |14
11|4 |6
11|5 |10
11|6 |5
11|7 |6
11|8 |30
11|9 |8
11|10|4
11|11|2

12|0 |2
12|1 |2
12|2 |4
12|3 |14
12|4 |6
12|5 |12
12|6 |12
12|7 |30
12|8 |35
12|9 |6
12|10|8
12|11|4
12|12|2

13|0 |2
13|1 |2
13|2 |4
13|3 |14
13|4 |6
13|5 |13
13|6 |30
13|7 |12
13|8 |40
13|9 |13
13|10|6
13|11|8
13|12|4
13|13|2

14|0 |2
14|1 |2
14|2 |4
14|3 |14
14|4 |6
14|5 |13
14|6 |13
14|7 |4
14|8 |13
14|9 |13
14|10|36
14|11|6
14|12|8
14|13|4
14|14|2

15|0 |2
15|1 |2
15|2 |4
15|3 |14
15|4 |6
15|5 |26
15|6 |15
15|7 |24
15|8 |12
15|9 |15
15|10|20
15|11|44
15|12|6
15|13|8
15|14|4
15|15|2

16|0 |2
16|1 |2
16|2 |4
16|3 |14
16|4 |6
16|5 |26
16|6 |16
16|7 |15
16|8 |8
16|9 |39
16|10|44
16|11|16
16|12|12
16|13|6
16|14|8
16|15|4
16|16|2

17|0 |2
17|1 |2
17|2 |4
17|3 |14
17|4 |6
17|5 |26
17|6 |16
17|7 |10
17|8 |63
17|9 |8
17|10|28
17|11|16
17|12|42
17|13|12
17|14|6
17|15|8
17|16|4
17|17|2

18|0 |2
18|1 |2
18|2 |4
18|3 |14
18|4 |6
18|5 |26
18|6 |16
18|7 |60
18|8 |18
18|9 |9
18|10|72
18|11|18
18|12|15
18|13|17
18|14|12
18|15|6
18|16|8
18|17|4
18|18|2

19|0 |2
19|1 |2
19|2 |4
19|3 |14
19|4 |6
19|5 |26
19|6 |16
19|7 |65
19|8 |78
19|9 |12
19|10|9
19|11|88
19|12|48
19|13|65
19|14|19
19|15|12
19|16|6
19|17|8
19|18|4
19|19|2

20|0 |2
20|1 |2
20|2 |4
20|3 |14
20|4 |6
20|5 |26
20|6 |16
20|7 |65
20|8 |120
20|9 |48
20|10|6
20|11|90
20|12|19
20|13|65
20|14|20
20|15|20
20|16|12
20|17|6
20|18|8
20|19|4
20|20|2

21|0 |2
21|1 |2
21|2 |4
21|3 |14
21|4 |6
21|5 |26
21|6 |16
21|7 |130
21|8 |168
21|9 |84
21|10|20
21|11|6
21|12|36
21|13|91
21|14|21
21|15|30
21|16|20
21|17|12
21|18|6
21|19|8
21|20|4
21|21|2

22|0 |2
22|1 |2
22|2 |4
22|3 |14
22|4 |6
22|5 |26
22|6 |16
22|7 |130
22|8 |24
22|9 |168
22|10|21
22|11|22
22|12|42
22|13|21
22|14|22
22|15|24
22|16|21
22|17|20
22|18|12
22|19|6
22|20|8
22|21|4
22|22|2

23|0 |2
23|1 |2
23|2 |4
23|3 |14
23|4 |6
23|5 |26
23|6 |16
23|7 |130
23|8 |24
23|9 |60
23|10|120
23|11|36
23|12|22
23|13|18
23|14|117
23|15|24
23|16|56
23|17|23
23|18|20
23|19|12
23|20|6
23|21|8
23|22|4
23|23|2

24|0 |2
24|1 |2
24|2 |4
24|3 |14
24|4 |6
24|5 |26
24|6 |16
24|7 |130
24|8 |24
24|9 |204
24|10|130
24|11|20
24|12|20
24|13|23
24|14|30
24|15|120
24|16|63
24|17|72
24|18|24
24|19|20
24|20|12
24|21|6
24|22|8
24|23|4
24|24|2

25|0 |2
25|1 |2
25|2 |4
25|3 |14
25|4 |6
25|5 |26
25|6 |16
25|7 |130
25|8 |24
25|9 |36
25|10|24
25|11|144
25|12|25
25|13|20
25|14|25
25|15|120
25|16|70
25|17|36
25|18|104
25|19|24
25|20|20
25|21|12
25|22|6
25|23|8
25|24|4
25|25|2

26|0 |2
26|1 |2
26|2 |4
26|3 |14
26|4 |6
26|5 |26
26|6 |16
26|7 |130
26|8 |24
26|9 |36
26|10|45
26|11|144
26|12|20
26|13|9
26|14|84
26|15|136
26|16|119
26|17|36
26|18|26
26|19|40
26|20|24
26|21|20
26|22|12
26|23|6
26|24|8
26|25|4
26|26|2

27|0 |2
27|1 |2
27|2 |4
27|3 |14
27|4 |6
27|5 |26
27|6 |16
27|7 |130
27|8 |24
27|9 |36
27|10|153
27|11|36
27|12|170
27|13|26
27|14|27
27|15|92
27|16|26
27|17|60
27|18|27
27|19|26
27|20|56
27|21|24
27|22|20
27|23|12
27|24|6
27|25|8
27|26|4
27|27|2

28|0 |2
28|1 |2
28|2 |4
28|3 |14
28|4 |6
28|5 |26
28|6 |16
28|7 |130
28|8 |24
28|9 |36
28|10|18
28|11|171
28|12|75
28|13|170
28|14|28
28|15|28
28|16|27
28|17|24
28|18|28
28|19|18
28|20|187
28|21|8
28|22|24
28|23|20
28|24|12
28|25|6
28|26|8
28|27|4
28|28|2

29|0 |2
29|1 |2
29|2 |4
29|3 |14
29|4 |6
29|5 |26
29|6 |16
29|7 |130
29|8 |24
29|9 |36
29|10|18
29|11|792
29|12|171
29|13|40
29|14|40
29|15|28
29|16|36
29|17|24
29|18|171
29|19|18
29|20|208
29|21|29
29|22|8
29|23|24
29|24|20
29|25|12
29|26|6
29|27|8
29|28|4
29|29|2

30|0 |2
30|1 |2
30|2 |4
30|3 |14
30|4 |6
30|5 |26
30|6 |16
30|7 |130
30|8 |24
30|9 |36
30|10|18
30|11|990
30|12|30
30|13|60
30|14|27
30|15|10
30|16|29
30|17|25
30|18|660
30|19|198
30|20|221
30|21|63
30|22|208
30|23|8
30|24|24
30|25|20
30|26|12
30|27|6
30|28|8
30|29|4
30|30|2

31|0 |2
31|1 |2
31|2 |4
31|3 |14
31|4 |6
31|5 |26
31|6 |16
31|7 |130
31|8 |24
31|9 |36
31|10|18
31|11|99
31|12|130
31|13|770
31|14|924
31|15|195
31|16|10
31|17|31
31|18|31
31|19|30
31|20|234
31|21|99
31|22|27
31|23|240
31|24|8
31|25|24
31|26|20
31|27|12
31|28|6
31|29|8
31|30|4
31|31|2

32|0 |2
32|1 |2
32|2 |4
32|3 |14
32|4 |6
32|5 |26
32|6 |16
32|7 |130
32|8 |24
32|9 |36
32|10|18
32|11|99
32|12|31
32|13|570
32|14|84
32|15|60
32|16|5
32|17|110
32|18|210
32|19|510
32|20|156
32|21|99
32|22|510
32|23|32
32|24|16
32|25|8
32|26|24
32|27|20
32|28|12
32|29|6
32|30|8
32|31|4
32|32|2

33|0 |2
33|1 |2
33|2 |4
33|3 |14
33|4 |6
33|5 |26
33|6 |16
33|7 |130
33|8 |24
33|9 |36
33|10|18
33|11|198
33|12|33
33|13|840
33|14|330
33|15|230
33|16|60
33|17|15
33|18|130
33|19|32
33|20|260
33|21|1287
33|22|90
33|23|54
33|24|72
33|25|16
33|26|8
33|27|24
33|28|20
33|29|12
33|30|6
33|31|8
33|32|4
33|33|2

34|0 |2
34|1 |2
34|2 |4
34|3 |14
34|4 |6
34|5 |26
34|6 |16
34|7 |130
34|8 |24
34|9 |36
34|10|18
34|11|198
34|12|34
34|13|240
34|14|504
34|15|36
34|16|260
34|17|12
34|18|240
34|19|230
34|20|225
34|21|253
34|22|570
34|23|34
34|24|420
34|25|33
34|26|16
34|27|8
34|28|24
34|29|20
34|30|12
34|31|6
34|32|8
34|33|4
34|34|2

35|0 |2
35|1 |2
35|2 |4
35|3 |14
35|4 |6
35|5 |26
35|6 |16
35|7 |130
35|8 |24
35|9 |36
35|10|18
35|11|198
35|12|34
35|13|1260
35|14|93
35|15|144
35|16|22
35|17|34
35|18|12
35|19|40
35|20|90
35|21|132
35|22|24
35|23|34
35|24|124
35|25|1140
35|26|35
35|27|16
35|28|8
35|29|24
35|30|20
35|31|12
35|32|6
35|33|8
35|34|4
35|35|2

36|0 |2
36|1 |2
36|2 |4
36|3 |14
36|4 |6
36|5 |26
36|6 |16
36|7 |130
36|8 |24
36|9 |36
36|10|18
36|11|198
36|12|34
36|13|4620
36|14|546
36|15|203
36|16|120
36|17|84
36|18|36
36|19|156
36|20|33
36|21|130
36|22|174
36|23|36
36|24|32
36|25|180
36|26|84
36|27|36
36|28|16
36|29|8
36|30|24
36|31|20
36|32|12
36|33|6
36|34|8
36|35|4
36|36|2

37|0 |2
37|1 |2
37|2 |4
37|3 |14
37|4 |6
37|5 |26
37|6 |16
37|7 |130
37|8 |24
37|9 |36
37|10|18
37|11|198
37|12|34
37|13|420
37|14|3570
37|15|252
37|16|56
37|17|37
37|18|60
37|19|36
37|20|60
37|21|420
37|22|120
37|23|312
37|24|132
37|25|420
37|26|37
37|27|60
37|28|36
37|29|16
37|30|8
37|31|24
37|32|20
37|33|12
37|34|6
37|35|8
37|36|4
37|37|2

38|0 |2
38|1 |2
38|2 |4
38|3 |14
38|4 |6
38|5 |26
38|6 |16
38|7 |130
38|8 |24
38|9 |36
38|10|18
38|11|198
38|12|34
38|13|420
38|14|189
38|15|186
38|16|168
38|17|161
38|18|260
38|19|12
38|20|37
38|21|84
38|22|30
38|23|210
38|24|180
38|25|420
38|26|38
38|27|264
38|28|36
38|29|36
38|30|16
38|31|8
38|32|24
38|33|20
38|34|12
38|35|6
38|36|8
38|37|4
38|38|2

39|0 |2
39|1 |2
39|2 |4
39|3 |14
39|4 |6
39|5 |26
39|6 |16
39|7 |130
39|8 |24
39|9 |36
39|10|18
39|11|198
39|12|34
39|13|420
39|14|609
39|15|39
39|16|104
39|17|140
39|18|84
39|19|180
39|20|12
39|21|39
39|22|396
39|23|26
39|24|4420
39|25|180
39|26|39
39|27|1386
39|28|38
39|29|132
39|30|36
39|31|16
39|32|8
39|33|24
39|34|20
39|35|12
39|36|6
39|37|8
39|38|4
39|39|2

40|0 |2
40|1 |2
40|2 |4
40|3 |14
40|4 |6
40|5 |26
40|6 |16
40|7 |130
40|8 |24
40|9 |36
40|10|18
40|11|198
40|12|34
40|13|420
40|14|210
40|15|319
40|16|120
40|17|40
40|18|40
40|19|77
40|20|20
40|21|156
40|22|350
40|23|60
40|24|1380
40|25|660
40|26|40
40|27|210
40|28|39
40|29|198
40|30|12
40|31|36
40|32|16
40|33|8
40|34|24
40|35|20
40|36|12
40|37|6
40|38|8
40|39|4
40|40|2

41|0 |2
41|1 |2
41|2 |4
41|3 |14
41|4 |6
41|5 |26
41|6 |16
41|7 |130
41|8 |24
41|9 |36
41|10|18
41|11|198
41|12|34
41|13|420
41|14|210
41|15|40
41|16|4680
41|17|84
41|18|450
41|19|924
41|20|35
41|21|20
41|22|60
41|23|40
41|24|260
41|25|360
41|26|279
41|27|210
41|28|182
41|29|41
41|30|770
41|31|12
41|32|36
41|33|16
41|34|8
41|35|24
41|36|20
41|37|12
41|38|6
41|39|8
41|40|4
41|41|2

42|0 |2
42|1 |2
42|2 |4
42|3 |14
42|4 |6
42|5 |26
42|6 |16
42|7 |130
42|8 |24
42|9 |36
42|10|18
42|11|198
42|12|34
42|13|420
42|14|210
42|15|42
42|16|440
42|17|60
42|18|377
42|19|780
42|20|42
42|21|7
42|22|420
42|23|108
42|24|60
42|25|204
42|26|42
42|27|672
42|28|195
42|29|60
42|30|2070
42|31|418
42|32|12
42|33|36
42|34|16
42|35|8
42|36|24
42|37|20
42|38|12
42|39|6
42|40|8
42|41|4
42|42|2

43|0 |2
43|1 |2
43|2 |4
43|3 |14
43|4 |6
43|5 |26
43|6 |16
43|7 |130
43|8 |24
43|9 |36
43|10|18
43|11|198
43|12|34
43|13|420
43|14|210
43|15|43
43|16|680
43|17|222
43|18|546
43|19|1092
43|20|156
43|21|306
43|22|7
43|23|460
43|24|2244
43|25|28
43|26|52
43|27|546
43|28|208
43|29|43
43|30|43
43|31|42
43|32|462
43|33|12
43|34|36
43|35|16
43|36|8
43|37|24
43|38|20
43|39|12
43|40|6
43|41|8
43|42|4
43|43|2

44|0 |2
44|1 |2
44|2 |4
44|3 |14
44|4 |6
44|5 |26
44|6 |16
44|7 |130
44|8 |24
44|9 |36
44|10|18
44|11|198
44|12|34
44|13|420
44|14|210
44|15|43
44|16|280
44|17|456
44|18|406
44|19|216
44|20|43
44|21|406
44|22|12
44|23|56
44|24|1260
44|25|377
44|26|190
44|27|252
44|28|377
44|29|43
44|30|44
44|31|792
44|32|72
44|33|22
44|34|12
44|35|36
44|36|16
44|37|8
44|38|24
44|39|20
44|40|12
44|41|6
44|42|8
44|43|4
44|44|2

45|0 |2
45|1 |2
45|2 |4
45|3 |14
45|4 |6
45|5 |26
45|6 |16
45|7 |130
45|8 |24
45|9 |36
45|10|18
45|11|198
45|12|34
45|13|420
45|14|210
45|15|86
45|16|360
45|17|45
45|18|506
45|19|408
45|20|45
45|21|120
45|22|44
45|23|36
45|24|70
45|25|475
45|26|60
45|27|168
45|28|44
45|29|45
45|30|45
45|31|760
45|32|2604
45|33|600
45|34|22
45|35|12
45|36|36
45|37|16
45|38|8
45|39|24
45|40|20
45|41|12
45|42|6
45|43|8
45|44|4
45|45|2

46|0 |2
46|1 |2
46|2 |4
46|3 |14
46|4 |6
46|5 |26
46|6 |16
46|7 |130
46|8 |24
46|9 |36
46|10|18
46|11|198
46|12|34
46|13|420
46|14|210
46|15|86
46|16|40
46|17|333
46|18|525
46|19|270
46|20|46
46|21|3990
46|22|672
46|23|46
46|24|333
46|25|119
46|26|46
46|27|120
46|28|45
46|29|152
46|30|46
46|31|40
46|32|189
46|33|84
46|34|296
46|35|22
46|36|12
46|37|36
46|38|16
46|39|8
46|40|24
46|41|20
46|42|12
46|43|6
46|44|8
46|45|4
46|46|2

47|0 |2
47|1 |2
47|2 |4
47|3 |14
47|4 |6
47|5 |26
47|6 |16
47|7 |130
47|8 |24
47|9 |36
47|10|18
47|11|198
47|12|34
47|13|420
47|14|210
47|15|86
47|16|40
47|17|46
47|18|333
47|19|60
47|20|112
47|21|308
47|22|56
47|23|120
47|24|46
47|25|60
47|26|84
47|27|46
47|28|30
47|29|429
47|30|204
47|31|40
47|32|630
47|33|47
47|34|3300
47|35|312
47|36|22
47|37|12
47|38|36
47|39|16
47|40|8
47|41|24
47|42|20
47|43|12
47|44|6
47|45|8
47|46|4
47|47|2

48|0 |2
48|1 |2
48|2 |4
48|3 |14
48|4 |6
48|5 |26
48|6 |16
48|7 |130
48|8 |24
48|9 |36
48|10|18
48|11|198
48|12|34
48|13|420
48|14|210
48|15|86
48|16|40
48|17|48
48|18|48
48|19|114
48|20|1080
48|21|780
48|22|172
48|23|45
48|24|42
48|25|47
48|26|48
48|27|1064
48|28|47
48|29|672
48|30|48
48|31|120
48|32|693
48|33|190
48|34|546
48|35|1612
48|36|40
48|37|22
48|38|12
48|39|36
48|40|16
48|41|8
48|42|24
48|43|20
48|44|12
48|45|6
48|46|8
48|47|4
48|48|2

49|0 |2
49|1 |2
49|2 |4
49|3 |14
49|4 |6
49|5 |26
49|6 |16
49|7 |130
49|8 |24
49|9 |36
49|10|18
49|11|198
49|12|34
49|13|420
49|14|210
49|15|86
49|16|40
49|17|49
49|18|600
49|19|888
49|20|49
49|21|3420
49|22|420
49|23|360
49|24|264
49|25|42
49|26|49
49|27|360
49|28|770
49|29|3519
49|30|49
49|31|360
49|32|252
49|33|49
49|34|190
49|35|444
49|36|180
49|37|40
49|38|22
49|39|12
49|40|36
49|41|16
49|42|8
49|43|24
49|44|20
49|45|12
49|46|6
49|47|8
49|48|4
49|49|2

50|0 |2
50|1 |2
50|2 |4
50|3 |14
50|4 |6
50|5 |26
50|6 |16
50|7 |130
50|8 |24
50|9 |36
50|10|18
50|11|198
50|12|34
50|13|420
50|14|210
50|15|86
50|16|40
50|17|49
50|18|49
50|19|1302
50|20|528
50|21|279
50|22|3060
50|23|1020
50|24|220
50|25|8
50|26|258
50|27|510
50|28|1092
50|29|35
50|30|444
50|31|1320
50|32|63
50|33|49
50|34|528
50|35|30
50|36|45
50|37|132
50|38|40
50|39|22
50|40|12
50|41|36
50|42|16
50|43|8
50|44|24
50|45|20
50|46|12
50|47|6
50|48|8
50|49|4
50|50|2

