300
101
65
51
9331
189
9965
5120
7385
507
36
181
109
9467
9103
8297
91
74
254
47
8572
8508
9270
102
8192
8591
23
8811
8645
9071
9640
37
179
8662
9716
9362
161
68
8273
8526
112
9035
9340
8341
30
33
40
9515
9115
93
3
1760
3458
256
72
166
46
9562
8518
563
488
9300
3210
9408
12
9850
86
8961
88
1006
193
57
35
80
2547
41
4542
128
9667
79
61
9811
3830
9721
6353
6338
44
97
116
862
15
6176
115
9838
2050
22
8717
85
3824
7
9271
8992
734
87
82
27
16
9940
463
98
106
38
25
9288
9660
8354
58
59
9627
9233
1848
107
1290
50
9230
5930
125
236
9910
49
26
20
9240
8240
6
28
8373
17
8840
10000
9386
99
123
885
2046
9728
8263
39
449
55
64
8552
89
8861
70
9454
824
8888
10
1910
9853
11
979
9254
9379
4029
486
488
124
52
8631
8456
9708
9816
1512
9283
9979
753
18
75
60
73
8899
96
34
8996
45
90
8257
9861
9415
56
2439
32
8
122
8690
511
670
9886
9862
2
9233
43
8231
225
2714
320
228
8534
8403
8529
8191
7916
8825
121
9158
9
5
62
4096
9720
328
117
31
8190
2048
8374
63
19
92
8416
9007
9169
66
8793
512
29
24
127
5406
8375
1038
53
78
1024
8498
9300
4095
21
972
8590
48
9665
9778
9169
120
81
9423
8899
4425
414
255
202
42
1708
113
2536
110
114
1022
9994
105
1432
67
94
54
1
3058
118
111
6990
1868
9930
104
84
103
8233
71
83
14
100
9054
4
2047
76
9629
108
95
1023
1585
