6
0.0 0.0 50.0
1
cheese 16 2
19.298 5.1234 12.2341 7.33
5.345 -9.876 7.083 -2.214
0 0 50.0
2
cheese 7 2
-4.4751 3.9237 -1.8156 6.2256
-2.383 -3.075 1.1174 -3.4208
pineapple 3 2
3.0158 3.6581 1.7747 5.4288
3.4269 -0.8725 3.9409 1.2278
0.0 0.0 80
3
cheese 7 10
22.494111013 -38.8071309709 21.4636347799 -38.8071309709
-43.5306177045 -36.9678244451 -44.1230522167 -36.9678244451
41.6166854065 -38.2630352192 41.2037112326 -38.2630352192
42.7716826736 -43.5651754262 43.669249546 -43.5651754262
-27.3504293739 -37.7731665507 -27.3926075344 -37.7731665507
-39.434206075 -42.6804162017 -40.3022429521 -42.6804162017
-26.5551041453 -39.3706364958 -27.5419705809 -39.3706364958
-9.90008721936 -38.8160342442 -9.55512193127 -38.8160342442
38.5515967273 -38.2678524627 37.5524904572 -38.2678524627
5.31155162193 -38.3834923662 4.98587516466 -38.3834923662
anchovy 7 10
23.4434174776 -38.0155041793 21.3605234296 -38.0155041793
6.2186647311 -40.9227401238 7.1388099375 -40.9227401238
-10.6307487369 -39.9376618093 -15.2006573993 -39.9376618093
5.68644625657 -38.1955224276 8.13658509763 -38.1955224276
6.19844965377 -40.8090057889 10.0324376178 -40.8090057889
-27.5516505326 -42.4538852471 -26.1279113357 -42.4538852471
-10.4744871224 -43.634690954 -11.2554223309 -43.634690954
39.4351929666 -39.3271092749 44.7604579683 -39.3271092749
-10.339800843 -41.9673568633 -6.0620084021 -41.9673568633
-11.5375971569 -44.399992698 -7.4602928907 -44.399992698
mushroom 3 2
-44.3996210325 -40.2781487322 -48.9574070295 -40.2781487322
21.8331931266 -43.5521302332 21.5681552558 -43.5521302332
0.0 0.0 80
3
tomato 5 10
-27.6266561265 -42.9460468131 -23.439472794 -42.9460468131
-44.6636769755 -41.9686982079 -49.7977603266 -41.9686982079
-11.3407621252 -40.1267471908 -6.31171407414 -40.1267471908
-27.8153063134 -43.222675665 -25.3674677557 -43.222675665
-11.3133907442 -41.0023017717 -7.43488044543 -41.0023017717
21.8234066794 -42.5497559931 22.1546543184 -42.5497559931
6.42050843358 -42.8504339698 1.12693427056 -42.8504339698
6.68775726418 -43.2357977032 12.2401194804 -43.2357977032
23.5197162404 -39.2200817917 21.3367291024 -39.2200817917
39.4146978386 -44.4732765275 33.4542923058 -44.4732765275
mushroom 5 6
5.40716955769 -41.8457547043 5.98228921802 -41.8457547043
-44.8185133045 -40.6649806631 -38.7687296098 -40.6649806631
-44.7047998876 -41.5911603531 -43.2110548476 -41.5911603531
-44.5964737886 -44.7284021219 -47.0844237621 -44.7284021219
38.4460925446 -40.5806964405 32.0387796599 -40.5806964405
-11.5192122597 -43.6708193179 -19.0897499156 -43.6708193179
pineapple 7 2
22.2829697201 -40.7541923876 20.5375390344 -40.7541923876
-23.2253405821 -37.0204192195 -23.6509433177 -37.0204192195
0.0 0.0 80
3
cheese 7 10
28.2941645748 -36.6060422659 29.173287809 -36.6060422659
-42.3339149093 -40.4109500583 -42.5592045524 -40.4109500583
-27.7719157002 -41.4798879276 -28.190176922 -41.4798879276
-41.5007457785 -42.2124038662 -40.5938448621 -42.2124038662
42.1503671179 -38.5718272366 44.0330494667 -38.5718272366
-39.9858623338 -36.5436164355 -41.0016731207 -36.5436164355
-13.4402181988 -34.5358140749 -13.3260497698 -34.5358140749
-40.2104377003 -41.4818019207 -40.4045675225 -41.4818019207
28.838814602 -42.5533280386 28.2740367984 -42.5533280386
-12.1054778892 -41.0961014372 -12.0292477127 -41.0961014372
anchovy 5 10
-1.36040738722 -39.1113837464 -0.333171668124 -39.1113837464
15.4407247513 -39.7178083714 14.9956698973 -39.7178083714
-27.6172438273 -38.0534477261 -31.038344695 -38.0534477261
12.4402434785 -40.4564177046 11.6590346596 -40.4564177046
29.3659090265 -38.7760514869 31.2511952394 -38.7760514869
-13.7862196169 -44.2673796539 -15.7733197998 -44.2673796539
-1.30011564443 -41.9029981263 -1.54550413376 -41.9029981263
15.0597042703 -37.1268770323 14.6072023312 -37.1268770323
28.3803632943 -41.9165574559 31.3495429489 -41.9165574559
28.6806329176 -43.2669403729 25.1017002618 -43.2669403729
pineapple 15 10
-14.0309939725 -43.8993058193 -10.667509936 -43.8993058193
-15.6363887022 -39.5192997318 -14.138395188 -39.5192997318
29.5057432681 -42.5310858064 30.7428466413 -42.5310858064
0.365151234562 -38.8811060451 -0.0172396599071 -38.8811060451
42.706466054 -36.9810849188 40.0294907238 -36.9810849188
12.2279322693 -42.2000928266 10.7574438517 -42.2000928266
-44.5599851714 -38.5991182683 -47.1467995951 -38.5991182683
-44.0511089653 -39.6845261244 -47.5707796048 -39.6845261244
-28.3695659351 -40.9096617017 -26.3672697245 -40.9096617017
43.164908942 -40.6684290966 40.4653032646 -40.6684290966
0.0 0.0 80
3
cheese 7 4
30.6419744433 -32.5774048443 28.6404054615 -32.5774048443
13.8294192862 -40.366746209 12.6904047099 -40.366746209
-2.08295218193 -41.361806836 -3.00232888859 -41.361806836
-27.8210101666 -40.4417595541 -29.5973344132 -40.4417595541
mushroom 5 10
38.588874273 -35.8168853221 38.7173278315 -35.8168853221
5.12252641938 -40.9399649102 5.12141635935 -40.9399649102
-3.17185824783 -37.7501097455 -4.27635352185 -37.7501097455
-36.5094931184 -40.7614239018 -37.5432898529 -40.7614239018
-44.707048159 -39.8906386449 -46.380472629 -39.8906386449
-44.8234181859 -34.9616582146 -45.3868226216 -34.9616582146
46.8674808647 -44.7146265889 49.4102791761 -44.7146265889
13.4845453354 -44.8533731694 15.3192065682 -44.8533731694
21.674427989 -34.8845141009 20.9313334965 -34.8845141009
-3.13811065265 -33.8464109892 -0.433493640624 -33.8464109892
pineapple 3 10
-2.35427273895 -40.5246213851 -1.96522138447 -40.5246213851
-44.470092899 -35.5531368645 -44.8208833928 -35.5531368645
-28.0529687438 -34.3909537131 -25.1726745964 -34.3909537131
-36.4347532498 -39.4024338961 -39.3962818842 -39.4024338961
-27.7161317386 -39.3194137893 -30.2855435132 -39.3194137893
-11.3511709551 -38.6650619003 -13.8928605435 -38.6650619003
46.7998497067 -38.1880986981 45.9440106063 -38.1880986981
-10.7791366117 -39.9639775076 -8.54362272703 -39.9639775076
-35.7119648218 -35.7265224619 -37.5152601939 -35.7265224619
13.877596338 -43.8692592503 13.4452640966 -43.8692592503